3.48
3.43
3.55
3.57
3.66
3.64
3.28
3.88
3.77
3.1
3.27
3.36
3.03
3.49
3.03
3.17
3.41
3.57
3.51
3.49
3.58
5.44
3.44
3.67
2.89
3.19
3.46
3.38
3.55
3.66
3.39
3.48
3.39
3.26
3.67
3.66
3.73
3.17
3.53
3.3
3.12
4.75
3.51
3.67
3.49
3.5
3.96
3.89
2.84
3.53
4.03
3.95
4.91
2.89
4.53
4.02
4.25
3.74
3.11
4.74
4.11
3.75
3.17
3.77
3.51
4.49
4.06
3.8
2.96
3.88
3.5
3.77
4.24
4.04
3.98
2.83
4.45
4.3
4.47
3.73
3.55
3.52
3.3
3.45
3.33
3.52
4.13
3.19
3.61
3.87
4.86
3.81
2.99
4.34
3.8
4
4.51
4.29
5.33
3.93
2.95
3.77
3.09
4.32
3.95
4.04
2.73
4.24
3.92
3.33
4.07
3.11
3.01
3.35
4.14
3.8
3.5
4.71
3.5
3.61
4.84
3.12
4.21
3.96
3.35
4.34
3.94
3.65
3.24
4.3
4.52
5.14
5.28
3.3
4.33
3.9
3.95
3.55
4.71
3.68
3.57
4.02
3.31
3.62
3.53
4.62
3.78
4.01
3.57
3.92
3.93
3.64
4.87
3.16
3.41
5
3.65
3.96
4.02
3.83
3.95
4.61
3.12
4.18
3.88
4.34
3.69
3.53
3.2
4.19
3.48
4.26
4.64
4.66
3.64
4.3
3.57
3.54
3.64
4.68
3.72
3.82
4.22
3.94
4.02
5.07
3.71
4.73
4.93
3.56
3.33
4.1
4.41
4.33
3.81
3.82
4.11
4.06
4.57
3.02
4.72
3.51
3.72
3.91
4.46
3.29
3.07
3.23
4.18
3.8
3.57
3.96
4.19
3.11
3.2
3.76
3.29
4.25
3.38
3.7
2.87
4.34
3.51
3.76
4.42
3.43
3.12
3.52
4.19
3.91
2.78
3.4
4.8
4.5
5.29
3.77
3.49
4.72
3.35
5.26
3.94
4.21
3.5
4.03
3.21
3.59
4.66
3.99
5.47
4.67
3.93
5.02
4.71
4.13
4.41
4.28
3.67
4.68
3.75
3.88
6.21
5.18
3.38
4.63
4.67
3.8
4.47
3.98
4.77
4.53
4.52
4.02
4.58
3.75
4.49
4.55
4.78
3.9
3.24
4.83
4.53
3.98
4.67
3.2
5.03
4.19
5.43
4.12
5.34
4.49
4.19
4
4.36
3.86
4.91
3.73
4.91
3.87
4.28
4.49
4.3
3.81
4.88
4.28
4.57
4.34
4.63
3.87
4.97
3.8
4.25
3.71
3
3.94
2.88
3.69
3.75
3.44
4.11
3.06
5.93
3.43
3.95
5.02
2.85
4.07
3.27
4.16
3.91
3.87
4.02
3.78
4.58
3.77
3.64
5.08
4.02
3.64
4.78
3.4
3.58
3.26
3.42
4.43
3.76
3.98
3.81
4.15
3.92
3.43
3.4
4.53
4.62
3.35
3.74
3.96
4.24
4.59
3.95
4.55
3.34
3.36
3.65
3.55
4.49
3.87
4.24
4.44
5.41
4.09
4.57
4.52
4.66
4.01
4.11
4.87
4.75
4.46
4.34
4.04
4.32
4.34
4.55
4.48
4.33
4.15
4.45
4.36
4.82
4.67
4.69
4.51
4.27
3.6
4.45
5.33
4.38
4.7
3.27
2.96
4.36
4.08
3.45
3.53
3.16
4.81
3.93
3.17
2.86
4.17
4.01
3.15
3.78
3.63
3.68
3.03
3.24
4.57
3.53
3.92
4.41
3.08
3.5
4.25
3.69
3.99
3.43
3.72
4.07
3.84
3.01
3.21
3.79
3.33
4.17
3.98
4.55
3.18
3.81
2.9
4.72
3.06
3.12
3.01
4.37
3.21
4.89
4.22
4.81
3.35
5.23
4.44
3.77
4.31
4.13
3.66
4.11
3.76
4.77
3.88
3.41
3.04
3.78
3.71
2.83
3.67
3.21
3.15
3.34
3.06
3.48
2.44
2.78
3.45
3.83
4.07
3
4.58
3.32
3.46
3.69
3.72
4.05
3.35
3.76
2.84
3.65
2.95
3.42
3.84
3.27
4.36
4.21
4.7
4.61
4.31
4.3
4.79
4.56
4.4
4.01
3.89
4.23
4.98
4.34
4.14
3.71
4.65
4.1
3.03
4.14
4.32
4.3
3.19
3.73
3.68
3.52
3.49
3.38
3.81
3.47
4.05
3.72
3.43
3.72
3.67
4.64
4.3
3.77
3.27
3.47
3.53
4.01
4.07
2.94
3.43
3.49
4.82
4.01
3.93
3.62
4.33
4.23
4.54
5.53
3.56
5.3
-999
4.19
3.97
4.2
4.7
5.47
5.2
3.9
3.83
3.34
3.66
4.22
5.44
4.74
3.63
4.37
3.89
3.7
5.07
3.93
4.85
3.49
3.8
3.1
3.26
4.72
3.27
5.04
4.85
3.25
3.45
4.7
4.12
2.96
4.68
3.13
4.1
4.05
4.11
3.76
3.21
2.99
4.08
4.02
4
3.99
3.23
5.28
3.51
3.04
-999
-999
-999
4.15
3.9
4.6
4
-999
4.59
5.11
3.53
5.41
3.98
4.06
3.9
4.19
4.29
4.7
4.17
3.86
4.52
5.2
4.24
4.47
3.77
4.53
4.72
4.39
4.28
4.34
4.76
5.19
4.28
4.27
3.81
4.35
5.08
4.77
4.91
4.3
4.16
5.13
4.44
3.69
4.05
3.41
3.93
3.27
4.54
2.8
3.63
3.5
3.3
3.17
3.88
3.86
4.02
4.28
3.43
3.2
3.1
4.8
3.39
3.34
2.94
4.01
4.14
4.58
4.27
3.79
3.64
3.76
2.99
3.71
3.52
3.67
4.11
3.54
4.33
3.95
3.76
4.56
3.81
3.12
3.47
-999
3.62
4.28
3.63
-999
3.45
3.99
3.74
3.85
3.59
4.03
3.21
4.05
4.01
4.21
4.49
3.96
3.86
3.95
4.34
-999
-999
-999
3.76
3.52
3.96
3.87
3.17
4.49
3.84
3.98
3.55
3.54
3.08
3.92
3.12
3.37
4.37
4.31
3.8
3.82
4.05
3.34
3.35
3.44
4.44
5.11
3.82
2.97
4.15
3.46
3.24
3.44
3.68
2.72
2.79
3.92
4.02
2.95
3.12
3.17
-999
-999
4.52
4.53
4.88
4.49
4.29
4.24
4.58
4.7
4.45
4.66
4.66
4.51
4.71
4.36
4.4
4.43
4.48
5.86
5.49
4.28
4.56
5.27
4.49
3.73
4.26
3.89
5.5
4.59
4.22
4.35
3.06
4.06
4.09
4.43
3.66
3.83
3.55
3.9
3.79
4.03
3.32
-999
3.48
3.78
3.82
3.99
3.77
4.12
4.28
4.47
4.02
3.86
3.55
3.17
3.52
4.64
2.73
3.65
-999
3.89
4.06
3.9
4.28
4.17
3.18
3.5
3.78
3.43
3.42
4.18
3.97
4.19
3.5
3.61
3.54
3.1
2.86
3.49
4.41
3.21
3.59
3.75
3.8
4.15
4.21
3.84
-999
3.11
3.27
2.86
3.63
4.24
4.18
3.06
3.69
3.4
3.16
3.04
4.47
2.88
3.03
3.1
3.87
4.05
5.25
3.57
4.07
4.43
3.88
4.29
3.75
3.85
4.63
4.53
3.85
5
4.68
3.71
3.5
3.62
3.84
3.58
4.36
3.45
4.26
3.66
3.22
4.15
4.36
4
-999
4.16
2.97
2.84
4.26
3.4
3.66
4.08
3.41
4.03
3.51
3.39
3.57
3.67
3.81
4
3.52
3.66
3.05
4.03
3.09
4.19
3.43
3.63
3.3
3.86
3.74
3.43
3.36
3.79
3.46
3.63
3.3
3.54
3.54
3.25
3.02
4.41
3.81
4.68
4.63
5.13
4.48
4.47
4.02
4.01
4.36
4.52
5.97
3.92
4.25
4.5
4.51
4.01
4.31
3.96
3.62
3.81
4.25
4.26
4.01
3.42
3.39
3.85
5.12
3.92
4.33
2.97
3.84
3.64
3.63
3.35
3.82
3.77
3.37
3.94
3.28
3.14
4.64
3.91
3.24
4.01
3.33
4.8
4.11
2.81
3.63
3.34
4.08
3.76
4.17
3.74
3.3
3.51
2.77
4.65
3.26
3.7
3.29
3.63
3.4
4.96
4.02
3.45
4.13
3.33
2.89
3.48
4.04
4.21
3.63
3.59
3.59
4.16
3.77
4.18
3.78
3.82
3.63
3.68
3.25
3.73
4.28
3.11
3.9
3.86
3.96
3.95
4.07
4.05
3.28
-999
3.89
4.17
3.39
3.76
4.22
4.63
3.76
3.91
4.36
3.73
4.63
3.08
3.71
4.13
3.3
4.59
3.12
2.93
3.49
4.63
3.77
3.63
2.91
3.25
4.26
3.24
2.84
3.13
3.76
3.7
3.28
3.06
2.53
3.07
2.76
3.17
2.89
4.14
3.62
4.01
2.98
2.79
3.67
4.35
4.67
4.28
3.98
4.38
4.58
4.44
4.31
2.8
3.27
3.14
3.38
3.36
3.35
3.99
3.53
4.28
3.72
3.81
3.21
3.97
3.45
3.56
3.13
3.15
4.41
3.46
4.6
4.36
-999
3.83
4.66
3.27
3.93
4.17
3.23
3.86
3.01
3.69
3.15
3.13
3.03
3.18
2.93
3.1
4.22
4.06
2.72
4.43
4.53
3.21
3
2.93
3.54
3.1
4.11
3.31
3.79
4.2
3.49
3.22
3.77
3.23
3.43
3.19
3.28
3.99
3.55
3.48
3.33
3.64
3.76
3.17
4.29
3.28
4.61
3.75
4.03
3.91
4.69
4.23
3.8
4.84
5.09
3.79
4.02
3.81
4.49
4.25
5.22
3.68
4.63
-999
4.34
3.95
3.6
3.44
4.29
4.47
3.65
3.95
3.67
4.29
4.55
3.53
4.46
3.71
3.95
3.98
3.73
4.77
4.81
4.54
3.91
4.4
4.74
4.44
3.74
4
3.45
4.6
3.85
3.82
3.92
3.67
3.56
2.86
4.13
3.05
3.23
5.49
2.8
3.28
3.6
3.72
4.39
3.83
3.28
4.26
3.76
3.32
4.23
3.67
4.1
3.72
3.67
4.73
3.17
4.96
3.85
3.21
3.59
3.55
3.59
4.1
2.88
4.95
3.81
3.63
3.35
3.42
3.63
3.3
3.86
3.57
3.18
3.22
3.62
3.08
2.88
3.29
3.23
4.09
3.49
3.67
3.49
4.17
2.86
2.94
3.01
2.97
4.03
3.19
3.96
3.73
4.22
4.47
4.76
4.35
3.71
3.57
3.35
3.21
3.18
3.69
3.32
3.05
4.67
3.3
4.73
3.3
4.13
2.97
4.01
4.88
5.18
4.21
3.96
3.82
3.56
4.15
3.46
3.15
3.5
3.54
3.68
4.66
3.77
4.08
3.16
4.93
3.68
3.59
3.11
3.14
3.84
4.04
3.15
3.97
4.17
3.56
3.99
3.42
4.04
4.02
3.66
3.03
5.01
3.99
3.5
3.83
4.05
4.34
3.36
3.52
4.06
3.74
3.86
3.62
4.51
4.63
3.9
3.65
4.63
4.77
4.36
4.81
4.07
4.41
4.58
4.84
4.45
4.6
4.78
4.45
3.34
4.56
5.53
4.31
4.19
4.1
3.99
3.3
4.05
5.38
5.76
4.03
4.12
3.36
2.66
4.2
2.76
3.23
4.18
4.63
3.83
3.22
4.17
3.05
3.25
3.1
3.4
5.28
2.9
3.4
2.71
3.21
4.76
3.48
4.62
3.33
3.69
4.58
4.16
3.5
3.86
3.52
3.57
4.02
3.97
4.66
4.03
4.52
4.2
2.9
3.46
4.52
3.43
3.15
3.84
4.54
4.26
4.6
4.45
4
4.25
3.74
4
3.82
4
2.92
3.42
3.07
3.42
2.84
4.6
3.45
3.66
4.74
3.35
3.61
3.53
3.21
3.11
3.02
4.32
4.52
3.84
3.59
3.47
2.78
4.54
3.78
3.31
2.96
2.83
3.24
2.6
3.82
3.35
3.93
3.83
3.94
2.97
3.15
2.97
4.88
2.98
3.01
3.14
2.88
3.7
5.17
3.29
3.71
2.97
3.06
4.26
3.26
3.68
2.82
3.74
3.96
2.71
3.41
3.78
3.98
3.97
3.75
-999
4.35
3.77
3.96
3.31
3.96
3.58
